state={
	id=19
	name="STATE_19"
	provinces={
		298 399 631 961 1122 1165 1621 1671 1734 1797 1818 2237 2324 2405 2447 2653 2697 3171 3304 3479 3694 3707 3809 3990 4134 4312 4379 4682 4756 4902 4922 5321 5430 5638 5846 5947 5981 6074 6180 6349 6393 6400 6880 7164 7186 7379 7402 8012 8239 8279 8358 8651 9067 9917 9921 9930 9932 9941 9951 9953 9965 9971 9977 9982 9999 10022 10024 10029 16875 16909 16910 16952 16961 16962 16971 16982 17048 17049 17050 17051 17054 17055 17056 
	}
	manpower=0
	buildings_max_level_factor=1.000
	local_supplies=0.000
}
