
state={
	id=20
	name="STATE_20"
	provinces={
		18 65 76 242 246 247 595 716 780 847 1157 1208 1257 1339 1653 1663 1831 1838 1866 1890 2006 2145 2389 2415 2473 2565 2576 2620 2690 2784 2792 2922 2973 3049 3054 3120 3129 3172 3173 3322 3371 3632 3673 3945 4070 4371 4672 4745 4999 5096 5104 5420 5542 5561 5596 5695 5776 5790 5850 5892 5936 5941 6200 6263 6278 6297 6446 6645 6795 6848 6881 6903 6958 6965 7006 7035 7300 7351 7359 7384 7466 7491 7492 7504 7558 7562 7699 7731 7877 7888 7914 7923 8013 8115 8161 8179 8225 8262 8265 8273 8312 8492 8643 8655 8751 8776 8849 8850 8961 9040 9171 9240 9460 10027 10039 10048 10065 10102 10131 10134 10154 10170 10182 10183 10186 10198 10199 10200 10208 10226 10241 10259 10260 10294 10303 10333 10340 10348 10355 10365 10373 10381 10412 10421 10438 10443 10446 10456 10460 10473 10512 10516 10523 10551 10552 10563 10600 10610 10626 10636 10652 10696 10705 
	}
	manpower=0
	buildings_max_level_factor=1.000
	local_supplies=0.000
}
