state={
	id=21
	name="STATE_21"
	provinces={
		238 320 481 486 534 571 713 793 823 850 853 886 1022 1068 1074 1105 1127 1193 1305 1367 1397 1520 1589 1759 1768 1891 2160 2199 2262 2326 2431 2494 2517 2553 2580 2748 3028 3047 3149 3296 3336 3402 3427 3490 3498 3610 3666 3731 3734 3764 3772 3780 3819 3842 3850 3961 4028 4034 4071 4077 4300 4345 4365 4458 4459 4494 4515 4695 4711 4720 4735 4845 4890 4904 4942 5007 5069 5137 5143 5175 5414 5415 5448 5497 5548 5554 5565 5611 5657 5727 5816 5966 5999 6091 6139 6155 6175 6191 6197 6269 6296 6301 6329 6342 6348 6382 6401 6474 6489 6579 6717 6769 6887 6900 6928 6944 6945 7063 7081 7172 7178 7234 7301 7317 7391 7450 7469 7548 7564 7616 7625 7631 7640 7693 7714 7716 7772 7797 7855 7905 7973 7982 8142 8166 8226 8315 8318 8342 8353 8431 8518 8551 8583 8586 8591 8675 8680 8696 8753 8877 9081 9108 9121 9220 9252 9260 9294 9297 9360 9386 9411 9805 9812 9827 9829 9838 9845 9865 9877 9891 9894 9902 9903 9906 9915 9929 9992 10004 10011 10015 10021 10028 10038 10041 10055 10057 10062 10064 10069 10077 10079 10083 10090 10091 10093 10100 10104 10105 10108 10112 10115 10118 10120 10127 10128 10129 10130 10132 10139 10140 10141 10143 10146 10157 10161 10162 10164 10165 10166 10167 10169 10173 10176 10177 10191 10193 10196 10197 10207 10209 10210 10211 10212 10213 10220 10229 10230 10234 10235 10236 10240 10252 10254 10256 10258 10264 10269 10272 10273 10274 10282 10284 10292 10293 10302 10307 10316 10321 10339 10344 10367 10368 16930 16935 16963 17040 
	}
	manpower=0
	buildings_max_level_factor=1.000
	local_supplies=0.000
}
