
state={
	id=48
	name="STATE_48"
	provinces={
		237 332 407 606 715 993 1496 1503 1554 1602 1698 1708 2101 2339 2497 2892 2929 4274 4275 4325 4487 4551 4576 5024 5180 5216 5244 5346 5382 5498 5504 5537 5739 5868 5960 5984 6565 6751 6962 7259 7663 7692 7722 7766 7940 8424 8491 8612 8729 8845 8942 9190 9227 9271 9275 9292 13288 13312 13340 13345 13357 13360 13375 13377 13383 13385 13392 13397 13421 13426 13442 13445 13452 13457 13458 13464 13473 13474 13477 
	}
	manpower=0
	buildings_max_level_factor=1.000
	local_supplies=0.000
}
