
state={
	id=65
	name="STATE_65"
	provinces={
		4 19 36 77 164 300 314 371 393 400 426 442 454 470 474 528 549 551 563 624 657 658 718 722 753 799 808 820 829 842 881 949 959 960 967 970 990 1037 1044 1059 1072 1123 1138 1144 1145 1155 1241 1244 1253 1258 1270 1297 1316 1364 1431 1470 1495 1500 1513 1538 1544 1549 1555 1558 1560 1600 1733 1857 1930 1969 2013 2091 2092 2103 2122 2155 2156 2174 2182 2202 2221 2238 2272 2372 2376 2396 2401 2427 2435 2441 2477 2525 2541 2588 2600 2686 2706 2718 2723 2818 2844 2863 2963 3050 3076 3195 3197 3234 3236 3240 3252 3254 3264 3312 3358 3378 3452 3503 3660 3733 3735 3754 3773 3801 3895 3923 4023 4038 4074 4115 4133 4239 4252 4271 4272 4322 4353 4372 4445 4517 4532 4577 4656 4692 4839 4848 4871 4929 4970 4984 5021 5046 5064 5088 5307 5314 5329 5391 5515 5632 5648 5724 5737 5778 5854 5872 5881 5991 6105 6123 6130 6205 6457 6524 6682 6735 6776 6839 6842 6847 6868 6899 6908 6968 7090 7120 7143 7201 7204 7397 7419 7428 7462 7522 7535 7568 7627 7669 7707 7866 7869 7886 7899 7907 7938 8149 8275 8297 8547 8552 8653 8725 8738 8759 8985 9076 9087 9114 9264 9302 9414 9420 9461 13483 13506 13582 13600 13602 13606 13620 13623 13637 13670 13677 13681 13690 13707 13719 13724 13725 13726 13732 13733 13735 13745 13750 13752 13756 13757 13761 13763 13764 13775 13779 13783 13785 13787 13788 13789 13797 13798 13803 13808 13813 13818 13824 13837 13855 13863 13868 16864 16957 16986 17148 
	}
	manpower=0
	buildings_max_level_factor=1.000
	local_supplies=0.000
}
