
state={
	id=80
	name="STATE_80"
	provinces={
		48 150 217 233 670 1191 1225 1474 1612 1986 2208 2259 2449 2899 3121 3266 3379 3578 3727 3771 3786 3915 3955 3967 4072 4721 4933 5039 5060 5188 5676 5834 5844 5950 5971 6423 6467 6692 6832 6865 6870 7104 7170 7225 7644 7860 7990 8021 8236 8267 8346 8625 8862 8975 9004 9125 9470 13241 13268 13269 13273 13274 13277 13278 13281 13284 13287 13291 13292 13293 13294 13301 13302 13310 13311 13313 13320 13321 13329 13333 13339 13348 13351 13354 13366 13368 13371 13379 13388 13390 13394 13411 13415 13418 13429 13431 13435 13444 13449 
	}
	manpower=0
	buildings_max_level_factor=1.000
	local_supplies=0.000
}
